Taken from https://www.cpc.ncep.noaa.gov/data/indices/ersst5.nino.mth.91-20.ascii
 YR   MON  NINO1+2  ANOM   NINO3    ANOM   NINO4    ANOM   NINO3.4  ANOM
1950   1   23.01   -1.55   23.56   -2.10   26.94   -1.38   24.55   -1.99
1950   2   24.32   -1.78   24.89   -1.52   26.67   -1.53   25.06   -1.69
1950   3   25.11   -1.38   26.36   -0.84   26.52   -1.80   25.87   -1.42
1950   4   23.63   -1.90   26.44   -1.14   26.90   -1.73   26.28   -1.54
1950   5   22.68   -1.74   25.69   -1.57   27.73   -1.18   26.18   -1.75
1950   6   21.33   -1.79   25.51   -1.11   28.13   -0.84   26.46   -1.27
1950   7   20.31   -1.65   24.91   -0.90   27.64   -1.26   26.29   -1.01
1950   8   20.12   -0.88   24.47   -0.65   27.54   -1.25   25.88   -0.97
1950   9   19.56   -1.17   24.01   -0.89   27.27   -1.49   25.74   -0.98
1950  10   19.99   -1.02   24.17   -0.81   27.13   -1.63   25.69   -1.03
1950  11   19.85   -1.80   23.86   -1.24   26.99   -1.70   25.47   -1.23
1950  12   21.72   -1.09   24.15   -1.08   27.14   -1.40   25.29   -1.31
1951   1   24.11   -0.46   24.79   -0.87   27.21   -1.10   25.24   -1.30
1951   2   25.19   -0.91   25.65   -0.76   27.09   -1.11   25.71   -1.04
1951   3   25.74   -0.75   26.87   -0.33   27.74   -0.58   26.90   -0.38
1951   4   25.29   -0.25   27.37   -0.21   28.21   -0.42   27.58   -0.23
1951   5   24.59    0.17   27.07   -0.18   29.18    0.26   27.92   -0.01
1951   6   24.61    1.49   26.66    0.04   29.05    0.08   27.73    0.00
1951   7   23.82    1.86   26.42    0.62   29.12    0.23   27.60    0.30
1951   8   22.18    1.17   25.52    0.41   28.53   -0.26   27.02    0.17
1951   9   21.29    0.56   25.36    0.46   28.64   -0.12   27.23    0.51
1951  10   21.74    0.72   25.58    0.60   28.54   -0.22   27.20    0.49
1951  11   22.34    0.68   25.91    0.80   28.65   -0.04   27.25    0.55
1951  12   22.83    0.02   25.84    0.61   28.58    0.04   26.91    0.31
1952   1   24.36   -0.21   25.80    0.14   28.28   -0.04   26.67    0.13
1952   2   26.02   -0.08   26.37   -0.04   28.04   -0.16   26.74   -0.01
1952   3   26.08   -0.41   27.05   -0.15   27.98   -0.34   27.17   -0.11
1952   4   24.44   -1.10   27.27   -0.31   28.47   -0.16   27.80   -0.02
1952   5   23.48   -0.93   26.64   -0.61   28.67   -0.25   27.79   -0.14
1952   6   21.93   -1.20   25.70   -0.92   28.49   -0.47   27.18   -0.54
1952   7   20.73   -1.23   24.82   -0.99   28.12   -0.77   26.53   -0.76
1952   8   19.89   -1.11   24.44   -0.68   28.00   -0.79   26.30   -0.56
1952   9   19.37   -1.36   24.26   -0.64   28.39   -0.37   26.36   -0.36
1952  10   20.37   -0.65   24.36   -0.62   28.06   -0.70   26.26   -0.46
1952  11   20.83   -0.82   24.07   -1.03   28.16   -0.54   25.92   -0.78
1952  12   22.31   -0.50   24.67   -0.56   27.84   -0.69   26.21   -0.39
1953   1   24.13   -0.44   25.72    0.06   27.97   -0.34   26.74    0.20
1953   2   26.27    0.17   26.63    0.22   27.98   -0.22   27.00    0.24
1953   3   27.22    0.74   27.52    0.31   28.03   -0.29   27.57    0.29
1953   4   27.00    1.47   27.72    0.13   28.49   -0.14   28.04    0.22
1953   5   25.43    1.01   27.37    0.12   28.92    0.01   28.28    0.35
1953   6   23.43    0.31   26.88    0.26   29.15    0.18   28.12    0.39
1953   7   21.96   -0.00   25.74   -0.07   28.84   -0.05   27.43    0.14
1953   8   21.18    0.17   25.06   -0.06   28.57   -0.22   26.94    0.09
1953   9   21.06    0.33   25.19    0.28   28.30   -0.46   27.01    0.29
1953  10   20.84   -0.18   25.10    0.12   28.66   -0.10   26.87    0.16
1953  11   21.51   -0.14   25.15    0.04   28.59   -0.11   26.88    0.18
1953  12   22.22   -0.59   25.43    0.20   28.57    0.03   27.00    0.41
1954   1   22.66   -1.91   25.50   -0.16   28.36    0.04   26.98    0.43
1954   2   24.88   -1.22   26.27   -0.13   28.17   -0.02   27.03    0.28
1954   3   25.17   -1.32   26.56   -0.65   27.97   -0.35   26.90   -0.38
1954   4   22.45   -3.09   25.61   -1.97   27.92   -0.71   26.64   -1.17
1954   5   21.43   -2.99   25.62   -1.64   28.21   -0.71   27.12   -0.81
1954   6   20.66   -2.46   25.04   -1.58   28.17   -0.80   26.80   -0.93
1954   7   19.13   -2.83   24.35   -1.46   27.81   -1.08   26.11   -1.18
1954   8   19.31   -1.69   23.56   -1.56   27.63   -1.16   25.43   -1.43
1954   9   19.02   -1.71   23.17   -1.73   27.49   -1.27   25.12   -1.60
1954  10   18.98   -2.04   23.32   -1.66   27.28   -1.48   25.23   -1.48
1954  11   20.20   -1.45   23.64   -1.46   27.54   -1.16   25.57   -1.13
1954  12   21.34   -1.47   23.68   -1.55   27.30   -1.24   25.26   -1.33
1955   1   23.72   -0.84   24.80   -0.86   27.41   -0.91   25.61   -0.93
1955   2   24.97   -1.13   25.70   -0.71   27.11   -1.09   25.81   -0.95
1955   3   25.12   -1.37   26.30   -0.90   27.09   -1.23   26.22   -1.06
1955   4   24.30   -1.24   26.27   -1.31   27.57   -1.06   26.60   -1.22
1955   5   22.26   -2.16   25.43   -1.82   27.82   -1.10   26.66   -1.28
1955   6   21.20   -1.92   24.93   -1.69   28.01   -0.96   26.55   -1.18
1955   7   20.52   -1.44   24.40   -1.41   28.04   -0.86   26.15   -1.15
1955   8   19.46   -1.55   23.66   -1.45   27.54   -1.25   25.51   -1.35
1955   9   19.26   -1.47   23.22   -1.68   27.41   -1.35   25.28   -1.43
1955  10   19.20   -1.82   22.58   -2.40   26.76   -2.00   24.41   -2.31
1955  11   19.83   -1.83   22.71   -2.39   26.69   -2.00   24.25   -2.45
1955  12   21.12   -1.69   23.14   -2.09   27.09   -1.45   24.57   -2.03
1956   1   23.26   -1.31   24.60   -1.06   27.04   -1.28   25.34   -1.20
1956   2   24.90   -1.20   25.70   -0.70   27.01   -1.19   25.76   -0.99
1956   3   25.73   -0.75   26.67   -0.54   27.22   -1.10   26.46   -0.83
1956   4   24.39   -1.15   26.92   -0.66   27.53   -1.10   26.85   -0.97
1956   5   23.21   -1.21   26.49   -0.76   28.00   -0.91   27.13   -0.80
1956   6   22.19   -0.94   25.77   -0.85   28.18   -0.79   26.81   -0.92
1956   7   21.82   -0.14   24.78   -1.03   27.86   -1.04   26.23   -1.06
1956   8   20.57   -0.43   24.06   -1.06   27.33   -1.46   25.68   -1.17
1956   9   19.72   -1.01   23.88   -1.03   27.34   -1.42   25.73   -0.98
1956  10   19.82   -1.19   23.91   -1.07   27.64   -1.12   25.75   -0.97
1956  11   20.59   -1.06   23.77   -1.33   27.89   -0.81   25.56   -1.14
1956  12   21.49   -1.32   24.02   -1.21   27.89   -0.65   25.71   -0.89
1957   1   22.90   -1.66   24.94   -0.72   27.71   -0.61   26.04   -0.51
1957   2   26.17    0.07   26.20   -0.20   27.72   -0.47   26.54   -0.22
1957   3   27.27    0.78   27.47    0.26   27.87   -0.45   27.46    0.18
1957   4   26.66    1.13   27.86    0.28   28.57   -0.06   28.23    0.41
1957   5   26.82    2.40   27.79    0.53   28.93    0.01   28.55    0.62
1957   6   25.14    2.01   27.31    0.69   28.59   -0.38   28.36    0.63
1957   7   23.82    1.86   26.88    1.08   28.34   -0.55   28.17    0.87
1957   8   22.20    1.20   26.00    0.88   28.75   -0.04   27.69    0.84
1957   9   21.64    0.91   25.55    0.65   28.65   -0.11   27.44    0.72
1957  10   21.64    0.63   25.60    0.61   28.78    0.02   27.42    0.70
1957  11   22.21    0.56   26.01    0.91   28.76    0.07   27.62    0.92
1957  12   23.47    0.66   26.48    1.25   28.88    0.34   27.90    1.30
1958   1   24.70    0.14   26.96    1.30   29.05    0.73   28.33    1.78
1958   2   26.36    0.26   27.44    1.03   29.12    0.93   28.24    1.49
1958   3   26.96    0.48   27.72    0.52   28.99    0.67   28.27    0.98
1958   4   26.25    0.71   27.81    0.23   28.90    0.27   28.27    0.46
1958   5   24.54    0.12   27.29    0.04   28.98    0.07   28.31    0.38
1958   6   23.10   -0.02   26.57   -0.05   28.99    0.02   27.99    0.26
1958   7   22.02    0.06   25.56   -0.24   28.83   -0.06   27.32    0.03
1958   8   20.59   -0.42   24.91   -0.21   28.65   -0.14   26.85   -0.01
1958   9   20.32   -0.41   24.39   -0.51   28.61   -0.15   26.40   -0.32
1958  10   20.82   -0.19   24.48   -0.50   28.77    0.01   26.45   -0.27
1958  11   21.28   -0.38   24.89   -0.21   28.67   -0.02   26.75    0.05
1958  12   22.31   -0.50   24.81   -0.42   28.65    0.11   26.62    0.02
1959   1   23.69   -0.88   25.58   -0.08   28.37    0.05   27.07    0.53
1959   2   25.63   -0.47   26.35   -0.06   27.99   -0.21   27.18    0.43
1959   3   26.83    0.34   27.07   -0.13   28.00   -0.32   27.47    0.19
1959   4   25.66    0.12   27.45   -0.13   28.45   -0.18   27.88    0.06
1959   5   24.02   -0.39   26.84   -0.41   28.66   -0.26   27.70   -0.23
1959   6   22.50   -0.63   26.07   -0.55   28.52   -0.45   27.37   -0.35
1959   7   21.39   -0.57   24.95   -0.86   28.27   -0.63   26.44   -0.86
1959   8   19.99   -1.01   24.25   -0.87   28.25   -0.54   26.09   -0.77
1959   9   20.11   -0.61   24.17   -0.73   28.20   -0.56   25.92   -0.80
1959  10   20.72   -0.29   24.54   -0.44   28.32   -0.44   26.24   -0.48
1959  11   21.76    0.10   24.57   -0.53   28.04   -0.66   26.04   -0.66
1959  12   22.58   -0.23   24.75   -0.48   28.03   -0.51   26.18   -0.42
1960   1   24.23   -0.33   25.31   -0.34   27.62   -0.70   26.27   -0.28
1960   2   25.68   -0.42   25.93   -0.47   27.44   -0.75   26.29   -0.46
1960   3   26.24   -0.25   26.87   -0.33   27.75   -0.57   26.98   -0.30
1960   4   24.43   -1.11   27.15   -0.43   28.01   -0.62   27.49   -0.33
1960   5   23.33   -1.09   26.71   -0.54   28.42   -0.50   27.68   -0.25
1960   6   21.71   -1.41   25.86   -0.75   28.33   -0.64   27.24   -0.49
1960   7   20.64   -1.32   25.21   -0.59   28.15   -0.75   26.88   -0.41
1960   8   19.99   -1.02   24.79   -0.33   28.06   -0.72   26.70   -0.15
1960   9   20.46   -0.27   24.57   -0.34   28.05   -0.71   26.44   -0.28
1960  10   20.11   -0.91   24.11   -0.87   28.16   -0.60   26.22   -0.49
1960  11   21.06   -0.60   24.16   -0.95   28.32   -0.38   26.26   -0.45
1960  12   22.52   -0.29   24.57   -0.66   28.41   -0.13   26.22   -0.38
1961   1   24.49   -0.08   25.11   -0.55   27.97   -0.35   26.23   -0.31
1961   2   26.56    0.45   26.20   -0.21   27.79   -0.41   26.56   -0.19
1961   3   25.76   -0.73   26.82   -0.39   27.79   -0.53   26.94   -0.35
1961   4   24.75   -0.78   27.31   -0.27   27.91   -0.72   27.36   -0.46
1961   5   23.49   -0.92   26.99   -0.27   28.28   -0.64   27.75   -0.18
1961   6   22.15   -0.98   26.29   -0.32   28.46   -0.51   27.67   -0.06
1961   7   20.43   -1.53   24.83   -0.97   28.19   -0.71   26.89   -0.41
1961   8   19.86   -1.14   24.09   -1.03   27.92   -0.87   26.19   -0.67
1961   9   19.59   -1.14   23.52   -1.38   28.06   -0.70   25.78   -0.94
1961  10   19.97   -1.05   23.69   -1.29   27.83   -0.93   25.71   -1.01
1961  11   20.99   -0.67   24.28   -0.82   28.09   -0.61   26.07   -0.63
1961  12   21.93   -0.88   24.58   -0.64   28.00   -0.54   25.97   -0.63
1962   1   23.83   -0.74   25.09   -0.57   27.65   -0.66   25.96   -0.59
1962   2   25.37   -0.73   25.97   -0.44   27.54   -0.66   26.19   -0.57
1962   3   24.36   -2.13   26.47   -0.74   27.76   -0.56   26.80   -0.48
1962   4   23.16   -2.38   26.47   -1.12   28.04   -0.59   27.13   -0.69
1962   5   22.90   -1.51   26.17   -1.08   28.11   -0.80   27.05   -0.89
1962   6   21.77   -1.35   25.67   -0.95   28.38   -0.59   27.08   -0.65
1962   7   20.64   -1.32   25.05   -0.76   28.13   -0.77   26.76   -0.53
1962   8   20.24   -0.77   24.64   -0.47   27.98   -0.81   26.33   -0.53
1962   9   19.99   -0.74   24.11   -0.79   27.91   -0.85   25.94   -0.78
1962  10   19.84   -1.17   24.14   -0.84   27.94   -0.82   25.97   -0.75
1962  11   20.78   -0.87   23.98   -1.12   27.90   -0.80   25.75   -0.95
1962  12   21.72   -1.09   24.08   -1.15   27.74   -0.80   25.67   -0.93
1963   1   23.72   -0.85   24.85   -0.81   27.45   -0.86   25.77   -0.78
1963   2   25.28   -0.82   25.79   -0.61   27.48   -0.72   26.22   -0.53
1963   3   25.73   -0.76   26.91   -0.30   27.98   -0.35   27.18   -0.10
1963   4   24.32   -1.21   27.43   -0.16   28.29   -0.34   27.78   -0.03
1963   5   23.85   -0.57   26.97   -0.28   28.40   -0.51   27.63   -0.30
1963   6   22.25   -0.87   26.58   -0.04   28.32   -0.65   27.62   -0.11
1963   7   21.61   -0.34   26.24    0.44   28.62   -0.28   27.78    0.49
1963   8   21.16    0.15   25.68    0.57   28.79    0.00   27.48    0.62
1963   9   20.78    0.05   25.36    0.46   29.00    0.24   27.40    0.68
1963  10   20.96   -0.05   25.41    0.43   28.99    0.23   27.36    0.64
1963  11   21.44   -0.22   25.66    0.56   28.70    0.01   27.47    0.77
1963  12   22.52   -0.29   25.98    0.76   28.54    0.00   27.62    1.02
1964   1   23.92   -0.65   26.02    0.36   28.41    0.09   27.34    0.79
1964   2   24.81   -1.29   26.31   -0.10   28.05   -0.15   27.13    0.38
1964   3   25.08   -1.40   26.72   -0.48   27.68   -0.64   27.02   -0.26
1964   4   24.18   -1.35   26.19   -1.39   28.02   -0.61   26.95   -0.87
1964   5   21.74   -2.67   25.42   -1.83   28.21   -0.71   26.82   -1.12
1964   6   21.24   -1.88   24.99   -1.62   27.94   -1.03   26.59   -1.14
1964   7   20.19   -1.77   24.69   -1.11   27.79   -1.11   26.33   -0.96
1964   8   19.34   -1.67   23.55   -1.57   27.41   -1.37   25.60   -1.26
1964   9   19.50   -1.23   23.74   -1.16   27.05   -1.71   25.32   -1.40
1964  10   19.58   -1.44   23.76   -1.22   27.14   -1.62   25.37   -1.35
1964  11   20.69   -0.97   23.92   -1.18   26.95   -1.74   25.26   -1.44
1964  12   21.48   -1.33   23.73   -1.50   26.94   -1.60   25.23   -1.37
1965   1   23.87   -0.69   24.70   -0.96   27.23   -1.09   25.66   -0.89
1965   2   25.78   -0.32   25.86   -0.54   27.44   -0.76   26.19   -0.56
1965   3   26.48   -0.01   26.93   -0.28   27.57   -0.75   26.94   -0.34
1965   4   26.88    1.34   27.47   -0.11   27.71   -0.92   27.38   -0.44
1965   5   25.95    1.53   27.56    0.30   28.50   -0.41   27.99    0.06
1965   6   24.35    1.23   27.09    0.48   28.88   -0.09   28.09    0.36
1965   7   23.00    1.04   26.51    0.70   28.91    0.01   27.90    0.61
1965   8   22.38    1.38   26.13    1.01   28.91    0.12   27.97    1.12
1965   9   21.10    0.38   25.98    1.08   28.88    0.12   28.01    1.29
1965  10   21.34    0.32   26.09    1.11   29.28    0.51   28.17    1.45
1965  11   22.09    0.43   26.38    1.28   29.10    0.41   28.12    1.42
1965  12   23.16    0.35   26.45    1.23   28.87    0.33   27.96    1.36
1966   1   24.94    0.37   26.69    1.03   28.70    0.38   27.67    1.12
1966   2   25.49   -0.62   26.90    0.49   28.64    0.44   27.55    0.80
1966   3   25.02   -1.47   27.18   -0.02   29.08    0.76   28.21    0.93
1966   4   23.97   -1.57   27.30   -0.28   28.80    0.17   28.16    0.35
1966   5   22.69   -1.72   26.20   -1.05   28.86   -0.06   27.55   -0.38
1966   6   21.57   -1.56   25.89   -0.73   28.93   -0.04   27.64   -0.08
1966   7   20.67   -1.29   25.26   -0.54   28.98    0.08   27.33    0.04
1966   8   19.83   -1.18   24.35   -0.76   28.58   -0.21   26.48   -0.37
1966   9   19.83   -0.89   24.00   -0.90   28.57   -0.19   26.27   -0.44
1966  10   20.44   -0.58   24.24   -0.75   28.68   -0.08   26.22   -0.50
1966  11   20.74   -0.91   24.11   -0.99   28.64   -0.05   26.23   -0.47
1966  12   22.19   -0.62   24.13   -1.10   28.21   -0.33   26.03   -0.57
1967   1   23.53   -1.04   24.93   -0.73   27.60   -0.72   25.88   -0.67
1967   2   25.52   -0.58   25.91   -0.50   27.41   -0.78   26.11   -0.64
1967   3   25.44   -1.04   26.30   -0.90   27.82   -0.50   26.50   -0.78
1967   4   24.82   -0.72   26.35   -1.23   28.44   -0.19   26.74   -1.08
1967   5   23.60   -0.82   26.59   -0.66   28.76   -0.15   27.35   -0.59
1967   6   22.07   -1.06   26.24   -0.38   28.58   -0.39   27.47   -0.26
1967   7   20.86   -1.10   25.11   -0.69   28.52   -0.38   26.97   -0.33
1967   8   19.51   -1.50   24.13   -0.99   28.32   -0.47   26.44   -0.42
1967   9   18.92   -1.81   23.51   -1.39   28.20   -0.56   25.86   -0.86
1967  10   19.29   -1.73   23.62   -1.36   28.33   -0.43   25.97   -0.74
1967  11   19.88   -1.77   23.89   -1.21   28.34   -0.36   26.08   -0.62
1967  12   20.97   -1.84   23.99   -1.24   28.15   -0.39   25.95   -0.65
1968   1   22.95   -1.62   24.26   -1.40   27.86   -0.46   25.69   -0.85
1968   2   24.70   -1.41   24.83   -1.57   27.73   -0.47   25.68   -1.07
1968   3   24.91   -1.58   25.76   -1.44   27.75   -0.57   26.33   -0.95
1968   4   23.77   -1.77   26.49   -1.09   28.17   -0.46   27.10   -0.72
1968   5   22.39   -2.03   26.04   -1.21   28.32   -0.60   27.19   -0.75
1968   6   21.51   -1.61   26.19   -0.43   28.88   -0.09   27.88    0.15
1968   7   21.15   -0.81   25.88    0.07   28.55   -0.34   27.58    0.28
1968   8   20.75   -0.26   25.15    0.03   28.58   -0.21   27.01    0.16
1968   9   21.05    0.33   24.82   -0.09   28.57   -0.19   26.72    0.01
1968  10   20.87   -0.14   24.96   -0.02   28.69   -0.07   26.75    0.04
1968  11   21.56   -0.09   25.15    0.05   29.10    0.40   27.20    0.50
1968  12   22.97    0.16   25.62    0.40   29.16    0.63   27.27    0.67
1969   1   24.36   -0.20   26.11    0.45   29.24    0.92   27.50    0.95
1969   2   25.35   -0.75   26.72    0.32   29.28    1.08   27.86    1.11
1969   3   26.83    0.34   27.42    0.21   28.95    0.63   27.82    0.54
1969   4   26.41    0.88   27.76    0.18   29.03    0.40   28.13    0.31
1969   5   25.73    1.31   27.71    0.46   29.25    0.33   28.29    0.35
1969   6   24.09    0.97   26.85    0.23   28.93   -0.04   27.69   -0.04
1969   7   22.24    0.28   25.71   -0.09   28.73   -0.17   27.08   -0.21
1969   8   20.88   -0.13   25.36    0.24   28.92    0.13   27.02    0.16
1969   9   20.75    0.02   25.36    0.46   29.16    0.40   27.15    0.43
1969  10   21.62    0.60   25.52    0.54   29.32    0.56   27.34    0.62
1969  11   22.23    0.57   25.62    0.51   29.19    0.49   27.10    0.40
1969  12   23.40    0.59   25.87    0.64   28.93    0.39   26.98    0.38
1970   1   24.96    0.39   26.08    0.42   28.53    0.21   26.83    0.28
1970   2   25.72   -0.38   26.41    0.00   28.49    0.29   26.95    0.20
1970   3   25.23   -1.25   26.83   -0.38   28.33    0.01   27.14   -0.14
1970   4   24.55   -0.98   27.04   -0.54   28.58   -0.05   27.74   -0.08
1970   5   22.63   -1.79   26.27   -0.98   28.82   -0.09   27.63   -0.30
1970   6   21.12   -2.00   25.16   -1.46   28.62   -0.35   27.04   -0.69
1970   7   19.45   -2.51   23.87   -1.93   28.44   -0.46   26.21   -1.08
1970   8   19.16   -1.85   23.38   -1.74   27.89   -0.90   25.60   -1.26
1970   9   19.29   -1.43   23.63   -1.27   27.65   -1.11   25.65   -1.07
1970  10   19.88   -1.14   23.71   -1.27   27.59   -1.17   25.60   -1.12
1970  11   20.48   -1.17   23.62   -1.48   27.57   -1.13   25.57   -1.13
1970  12   21.66   -1.15   23.91   -1.32   27.04   -1.50   25.27   -1.33
1971   1   23.13   -1.44   24.08   -1.58   26.65   -1.67   24.81   -1.73
1971   2   24.42   -1.68   24.84   -1.57   26.81   -1.38   25.18   -1.57
1971   3   25.03   -1.45   25.90   -1.30   27.01   -1.31   25.92   -1.36
1971   4   24.87   -0.66   26.54   -1.04   27.46   -1.17   26.63   -1.18
1971   5   23.18   -1.24   26.13   -1.12   27.85   -1.07   26.95   -0.98
1971   6   21.58   -1.54   25.38   -1.24   27.83   -1.14   26.60   -1.13
1971   7   20.93   -1.03   24.68   -1.12   27.69   -1.20   26.13   -1.17
1971   8   19.77   -1.23   23.79   -1.33   27.54   -1.25   25.75   -1.10
1971   9   19.51   -1.22   23.86   -1.04   27.30   -1.46   25.72   -1.00
1971  10   19.72   -1.29   23.65   -1.33   27.44   -1.32   25.47   -1.24
1971  11   20.89   -0.76   23.79   -1.31   27.71   -0.98   25.56   -1.15
1971  12   21.82   -0.99   23.75   -1.48   27.86   -0.68   25.37   -1.23
1972   1   24.19   -0.38   24.93   -0.73   27.63   -0.69   25.62   -0.92
1972   2   26.55    0.45   25.88   -0.52   27.89   -0.31   26.30   -0.45
1972   3   27.07    0.58   26.91   -0.29   28.16   -0.16   27.09   -0.19
1972   4   26.17    0.64   27.58    0.00   28.74    0.11   27.89    0.07
1972   5   25.13    0.71   27.46    0.21   29.03    0.11   28.32    0.38
1972   6   24.90    1.78   27.23    0.61   29.07    0.10   28.18    0.45
1972   7   23.99    2.03   27.01    1.20   29.03    0.13   28.14    0.85
1972   8   23.38    2.37   26.74    1.63   28.75   -0.04   27.95    1.09
1972   9   21.96    1.23   26.33    1.43   28.87    0.11   27.95    1.23
1972  10   22.40    1.39   26.72    1.74   29.16    0.40   28.26    1.54
1972  11   23.03    1.38   27.09    1.99   29.23    0.53   28.61    1.90
1972  12   24.82    2.01   27.47    2.25   29.21    0.67   28.69    2.09
1973   1   25.83    1.26   27.44    1.78   28.99    0.67   28.34    1.80
1973   2   26.26    0.16   27.20    0.79   28.59    0.40   27.95    1.20
1973   3   25.91   -0.58   27.29    0.09   28.33    0.01   27.55    0.27
1973   4   24.43   -1.11   26.75   -0.83   28.25   -0.37   27.24   -0.58
1973   5   23.05   -1.37   25.93   -1.32   28.48   -0.43   26.96   -0.97
1973   6   21.51   -1.61   25.21   -1.41   28.15   -0.82   26.55   -1.18
1973   7   20.73   -1.23   24.15   -1.66   27.85   -1.05   25.76   -1.54
1973   8   19.39   -1.62   23.50   -1.62   27.44   -1.35   25.22   -1.63
1973   9   19.42   -1.31   23.38   -1.52   27.27   -1.49   25.06   -1.66
1973  10   19.93   -1.08   23.29   -1.69   27.11   -1.65   24.73   -1.98
1973  11   20.54   -1.12   23.28   -1.82   26.77   -1.92   24.33   -2.37
1973  12   21.67   -1.14   23.37   -1.85   26.50   -2.04   24.33   -2.26
1974   1   23.21   -1.35   23.86   -1.80   26.30   -2.02   24.46   -2.09
1974   2   24.72   -1.38   25.07   -1.34   26.72   -1.48   25.10   -1.66
1974   3   25.65   -0.84   26.24   -0.96   27.17   -1.15   25.84   -1.45
1974   4   25.14   -0.39   26.77   -0.81   27.43   -1.20   26.46   -1.36
1974   5   24.21   -0.20   26.36   -0.89   27.77   -1.14   26.64   -1.29
1974   6   22.35   -0.78   25.78   -0.84   27.89   -1.08   26.53   -1.20
1974   7   21.38   -0.58   25.22   -0.59   27.74   -1.16   26.39   -0.90
1974   8   20.54   -0.46   24.72   -0.40   27.97   -0.82   26.33   -0.52
1974   9   20.09   -0.63   24.27   -0.63   27.71   -1.05   26.08   -0.64
1974  10   19.81   -1.20   23.95   -1.03   27.53   -1.23   25.78   -0.94
1974  11   20.65   -1.00   24.00   -1.11   27.55   -1.14   25.61   -1.09
1974  12   21.35   -1.46   24.19   -1.04   27.42   -1.12   25.63   -0.97
1975   1   23.41   -1.15   25.12   -0.54   27.61   -0.71   26.09   -0.45
1975   2   24.92   -1.18   25.56   -0.85   27.65   -0.55   26.07   -0.68
1975   3   26.16   -0.33   26.34   -0.87   27.46   -0.86   26.19   -1.09
1975   4   25.53   -0.00   27.01   -0.57   27.63   -0.99   26.86   -0.96
1975   5   23.45   -0.96   26.16   -1.09   27.77   -1.15   26.80   -1.13
1975   6   21.70   -1.43   25.22   -1.40   27.54   -1.43   26.23   -1.50
1975   7   21.03   -0.93   24.61   -1.19   27.37   -1.53   25.90   -1.39
1975   8   20.06   -0.95   24.04   -1.08   27.03   -1.76   25.33   -1.52
1975   9   19.16   -1.57   23.50   -1.41   26.71   -2.05   25.05   -1.66
1975  10   19.04   -1.97   23.37   -1.61   26.55   -2.21   24.89   -1.83
1975  11   19.41   -2.25   23.67   -1.44   26.58   -2.11   25.05   -1.66
1975  12   20.93   -1.88   23.41   -1.81   26.39   -2.15   24.67   -1.93
1976   1   23.45   -1.12   23.76   -1.90   26.58   -1.74   24.54   -2.01
1976   2   25.46   -0.64   25.30   -1.10   26.89   -1.30   25.49   -1.26
1976   3   25.96   -0.53   26.53   -0.67   27.34   -0.98   26.46   -0.82
1976   4   25.70    0.17   26.92   -0.66   27.80   -0.82   26.88   -0.93
1976   5   25.12    0.70   26.91   -0.34   28.15   -0.77   27.20   -0.74
1976   6   24.50    1.37   26.94    0.33   28.21   -0.76   27.35   -0.38
1976   7   23.57    1.61   26.24    0.43   28.18   -0.72   27.13   -0.16
1976   8   22.26    1.25   25.87    0.76   28.17   -0.62   26.98    0.12
1976   9   21.55    0.83   25.72    0.82   28.26   -0.50   27.02    0.30
1976  10   21.52    0.51   25.89    0.91   28.73   -0.03   27.46    0.75
1976  11   22.15    0.49   25.88    0.78   28.78    0.09   27.41    0.71
1976  12   23.20    0.39   25.89    0.66   28.29   -0.25   27.09    0.49
1977   1   24.80    0.23   26.54    0.88   28.22   -0.10   27.32    0.78
1977   2   25.72   -0.38   26.96    0.56   28.05   -0.15   27.13    0.37
1977   3   26.02   -0.46   27.42    0.22   28.09   -0.23   27.47    0.19
1977   4   24.95   -0.59   26.94   -0.64   28.39   -0.23   27.44   -0.38
1977   5   23.49   -0.92   26.87   -0.38   28.56   -0.35   27.72   -0.21
1977   6   22.52   -0.61   26.43   -0.19   28.80   -0.17   27.74    0.01
1977   7   21.46   -0.50   25.57   -0.23   28.84   -0.06   27.38    0.09
1977   8   20.10   -0.90   24.73   -0.38   28.71   -0.08   26.85   -0.01
1977   9   19.61   -1.11   24.87   -0.03   28.95    0.19   27.12    0.40
1977  10   20.54   -0.47   25.25    0.27   29.04    0.28   27.35    0.63
1977  11   21.19   -0.47   25.30    0.19   29.02    0.32   27.19    0.48
1977  12   22.26   -0.55   25.48    0.25   28.95    0.41   27.29    0.70
1978   1   24.15   -0.41   25.79    0.14   28.72    0.40   27.17    0.62
1978   2   25.70   -0.40   26.41    0.00   28.39    0.19   27.00    0.25
1978   3   25.28   -1.21   26.75   -0.46   28.18   -0.14   27.09   -0.20
1978   4   24.76   -0.77   26.64   -0.94   28.04   -0.59   27.12   -0.70
1978   5   23.17   -1.25   26.10   -1.15   28.52   -0.40   27.20   -0.74
1978   6   21.94   -1.18   25.65   -0.97   28.41   -0.56   27.02   -0.71
1978   7   21.02   -0.94   24.95   -0.86   28.28   -0.62   26.74   -0.55
1978   8   19.63   -1.37   24.10   -1.02   28.20   -0.59   26.07   -0.79
1978   9   19.84   -0.88   24.18   -0.72   28.28   -0.48   26.01   -0.71
1978  10   20.06   -0.96   24.57   -0.41   28.20   -0.56   26.25   -0.46
1978  11   21.61   -0.04   24.79   -0.31   28.31   -0.39   26.33   -0.38
1978  12   22.90    0.09   25.24    0.01   28.37   -0.17   26.54   -0.06
1979   1   24.72    0.16   25.34   -0.32   28.36    0.04   26.41   -0.13
1979   2   25.52   -0.58   26.12   -0.29   28.09   -0.11   26.53   -0.22
1979   3   25.91   -0.58   27.15   -0.06   28.30   -0.02   27.27   -0.02
1979   4   25.69    0.15   27.65    0.07   28.60   -0.02   27.83    0.02
1979   5   24.29   -0.13   27.20   -0.05   28.74   -0.18   27.69   -0.25
1979   6   23.28    0.16   26.47   -0.15   28.73   -0.24   27.43   -0.29
1979   7   21.70   -0.26   25.49   -0.31   28.70   -0.20   26.82   -0.47
1979   8   20.94   -0.07   25.25    0.13   28.34   -0.45   26.75   -0.10
1979   9   21.15    0.43   25.48    0.58   28.47   -0.29   26.99    0.28
1979  10   21.46    0.45   25.42    0.44   28.58   -0.18   26.83    0.11
1979  11   21.80    0.14   25.50    0.39   28.81    0.12   26.99    0.29
1979  12   22.73   -0.08   25.66    0.43   28.83    0.29   27.11    0.52
1980   1   24.32   -0.25   26.04    0.38   28.69    0.37   27.08    0.54
1980   2   25.68   -0.42   26.44    0.03   28.56    0.36   26.97    0.22
1980   3   26.48   -0.01   27.03   -0.18   28.51    0.19   27.31    0.03
1980   4   25.54    0.00   27.38   -0.20   28.76    0.14   27.75   -0.07
1980   5   23.98   -0.43   27.10   -0.15   29.18    0.26   28.01    0.08
1980   6   22.76   -0.36   26.70    0.08   29.13    0.16   27.94    0.21
1980   7   21.12   -0.84   25.57   -0.23   28.92    0.02   27.23   -0.06
1980   8   20.52   -0.48   24.78   -0.34   28.50   -0.29   26.48   -0.38
1980   9   20.43   -0.30   24.72   -0.18   28.49   -0.27   26.44   -0.28
1980  10   20.52   -0.50   24.56   -0.42   28.74   -0.02   26.46   -0.26
1980  11   21.24   -0.41   25.00   -0.10   28.68   -0.02   26.60   -0.10
1980  12   22.41   -0.40   25.23    0.01   28.51   -0.03   26.65    0.05
1981   1   23.06   -1.50   24.95   -0.71   28.19   -0.13   26.18   -0.36
1981   2   24.93   -1.17   25.52   -0.88   28.02   -0.17   26.11   -0.64
1981   3   25.94   -0.55   26.61   -0.59   28.15   -0.17   26.64   -0.64
1981   4   24.81   -0.73   27.06   -0.52   28.11   -0.52   27.29   -0.53
1981   5   23.65   -0.77   26.71   -0.54   28.36   -0.56   27.36   -0.57
1981   6   22.49   -0.63   26.19   -0.43   28.38   -0.59   27.27   -0.46
1981   7   21.07   -0.89   25.21   -0.60   28.17   -0.73   26.65   -0.64
1981   8   19.88   -1.13   24.38   -0.73   28.08   -0.71   26.33   -0.53
1981   9   19.93   -0.79   24.67   -0.23   28.36   -0.40   26.53   -0.19
1981  10   20.44   -0.57   24.80   -0.18   28.38   -0.38   26.42   -0.30
1981  11   21.19   -0.46   24.70   -0.41   28.39   -0.31   26.29   -0.41
1981  12   22.63   -0.18   25.17   -0.05   28.45   -0.09   26.40   -0.20
1982   1   24.30   -0.26   25.86    0.20   28.29   -0.03   26.67    0.13
1982   2   25.31   -0.79   26.40   -0.00   28.02   -0.18   26.59   -0.17
1982   3   25.20   -1.29   27.11   -0.10   28.39    0.07   27.41    0.13
1982   4   24.73   -0.81   27.57   -0.01   28.95    0.33   28.03    0.21
1982   5   24.11   -0.31   27.64    0.39   29.31    0.39   28.39    0.45
1982   6   23.25    0.13   27.16    0.54   29.41    0.45   28.26    0.53
1982   7   22.43    0.47   26.22    0.41   29.03    0.13   27.66    0.37
1982   8   21.81    0.80   26.06    0.95   28.87    0.09   27.58    0.73
1982   9   22.03    1.31   26.79    1.89   29.09    0.33   28.21    1.49
1982  10   22.83    1.81   27.28    2.30   29.44    0.67   28.71    1.99
1982  11   24.68    3.03   27.50    2.40   29.27    0.57   28.62    1.92
1982  12   25.97    3.16   28.08    2.86   29.05    0.51   28.80    2.20
1983   1   27.21    2.65   28.66    3.00   28.71    0.39   28.89    2.35
1983   2   28.13    2.03   28.71    2.30   28.52    0.33   28.69    1.94
1983   3   28.72    2.23   28.89    1.68   28.55    0.23   28.66    1.38
1983   4   28.86    3.32   29.13    1.55   28.67    0.04   28.77    0.95
1983   5   28.26    3.85   28.98    1.73   29.08    0.16   28.84    0.90
1983   6   27.36    4.24   28.14    1.52   28.97   -0.00   28.27    0.54
1983   7   25.76    3.80   26.61    0.80   28.63   -0.27   27.18   -0.11
1983   8   23.93    2.93   25.77    0.65   28.39   -0.40   26.59   -0.27
1983   9   22.10    1.37   25.03    0.13   27.98   -0.78   26.20   -0.52
1983  10   22.00    0.99   24.37   -0.61   27.87   -0.89   25.56   -1.16
1983  11   22.05    0.40   24.07   -1.03   27.68   -1.01   25.41   -1.29
1983  12   23.03    0.21   24.39   -0.84   27.71   -0.83   25.57   -1.03
1984   1   24.18   -0.39   25.08   -0.58   27.49   -0.83   25.88   -0.67
1984   2   25.22   -0.88   26.26   -0.15   27.48   -0.72   26.56   -0.19
1984   3   25.62   -0.87   26.97   -0.23   27.47   -0.85   26.77   -0.52
1984   4   25.30   -0.23   27.09   -0.49   27.75   -0.88   27.14   -0.68
1984   5   23.30   -1.11   26.32   -0.93   28.13   -0.78   27.20   -0.73
1984   6   22.18   -0.95   25.45   -1.17   28.19   -0.78   26.83   -0.90
1984   7   21.33   -0.63   25.03   -0.78   28.30   -0.59   26.79   -0.50
1984   8   20.45   -0.56   24.71   -0.41   28.17   -0.62   26.61   -0.24
1984   9   20.66   -0.07   24.56   -0.34   28.22   -0.54   26.38   -0.34
1984  10   20.51   -0.51   24.31   -0.67   28.02   -0.74   26.04   -0.67
1984  11   21.52   -0.13   24.11   -0.99   27.79   -0.91   25.52   -1.19
1984  12   22.41   -0.40   23.96   -1.27   27.59   -0.95   25.25   -1.34
1985   1   23.79   -0.78   24.40   -1.26   27.68   -0.64   25.38   -1.16
1985   2   24.72   -1.38   25.50   -0.90   27.49   -0.71   26.03   -0.72
1985   3   25.60   -0.89   26.42   -0.78   27.31   -1.01   26.50   -0.79
1985   4   24.16   -1.37   26.53   -1.05   27.48   -1.14   26.64   -1.18
1985   5   22.53   -1.88   26.19   -1.07   27.93   -0.98   26.90   -1.03
1985   6   21.85   -1.27   25.60   -1.02   28.02   -0.95   26.81   -0.91
1985   7   20.56   -1.40   24.71   -1.10   28.18   -0.72   26.56   -0.74
1985   8   19.78   -1.23   24.24   -0.88   28.21   -0.58   26.30   -0.56
1985   9   19.74   -0.99   24.04   -0.86   28.28   -0.48   26.02   -0.70
1985  10   20.10   -0.92   24.18   -0.80   28.36   -0.40   26.23   -0.49
1985  11   20.86   -0.79   24.40   -0.70   28.35   -0.35   26.33   -0.37
1985  12   22.43   -0.38   24.50   -0.73   28.30   -0.24   26.19   -0.41
1986   1   24.56   -0.00   24.86   -0.80   28.07   -0.25   25.89   -0.66
1986   2   26.00   -0.10   25.88   -0.53   27.96   -0.23   26.05   -0.71
1986   3   25.76   -0.73   26.83   -0.37   28.16   -0.16   26.87   -0.42
1986   4   24.68   -0.85   27.20   -0.38   28.28   -0.34   27.49   -0.33
1986   5   23.23   -1.18   26.65   -0.60   28.58   -0.33   27.40   -0.53
1986   6   22.05   -1.08   26.17   -0.45   28.77   -0.19   27.42   -0.31
1986   7   21.47   -0.49   25.67   -0.14   28.82   -0.08   27.18   -0.11
1986   8   20.91   -0.10   25.29    0.17   28.85    0.06   27.17    0.32
1986   9   20.91    0.18   25.20    0.30   28.98    0.22   27.24    0.53
1986  10   21.27    0.25   25.51    0.53   28.99    0.23   27.53    0.81
1986  11   22.01    0.36   25.88    0.78   29.07    0.38   27.71    1.01
1986  12   23.41    0.60   26.15    0.92   28.86    0.32   27.72    1.12
1987   1   25.56    0.99   26.68    1.02   28.62    0.30   27.68    1.14
1987   2   27.07    0.97   27.55    1.14   28.70    0.50   27.88    1.13
1987   3   27.93    1.44   28.20    1.00   28.79    0.47   28.27    0.98
1987   4   27.10    1.56   28.35    0.77   28.70    0.08   28.39    0.58
1987   5   25.93    1.52   28.14    0.89   29.10    0.19   28.56    0.62
1987   6   24.10    0.98   27.48    0.86   29.37    0.40   28.65    0.92
1987   7   22.98    1.03   26.92    1.11   29.38    0.49   28.59    1.29
1987   8   21.82    0.82   26.57    1.45   29.38    0.59   28.42    1.57
1987   9   21.83    1.10   26.56    1.66   29.54    0.78   28.36    1.65
1987  10   22.47    1.45   26.14    1.16   29.58    0.82   27.96    1.24
1987  11   22.80    1.14   26.09    0.99   29.52    0.82   27.77    1.07
1987  12   23.48    0.67   26.23    1.00   29.30    0.76   27.54    0.94
1988   1   24.59    0.02   26.34    0.68   28.96    0.65   27.45    0.90
1988   2   25.79   -0.31   26.40   -0.01   28.65    0.45   27.03    0.28
1988   3   25.68   -0.81   27.06   -0.15   28.46    0.14   27.38    0.10
1988   4   24.70   -0.83   26.93   -0.65   28.27   -0.36   27.38   -0.44
1988   5   23.15   -1.26   25.68   -1.57   28.30   -0.62   26.68   -1.25
1988   6   21.46   -1.66   24.44   -2.18   28.09   -0.88   25.99   -1.74
1988   7   20.59   -1.37   23.74   -2.06   27.96   -0.94   25.56   -1.74
1988   8   19.55   -1.46   23.64   -1.48   28.02   -0.77   25.66   -1.19
1988   9   19.44   -1.29   23.81   -1.09   27.84   -0.92   25.72   -1.00
1988  10   19.81   -1.20   23.43   -1.55   27.12   -1.64   24.82   -1.90
1988  11   20.70   -0.96   23.44   -1.67   26.97   -1.73   24.65   -2.05
1988  12   22.06   -0.75   23.62   -1.61   26.77   -1.77   24.63   -1.96
1989   1   24.27   -0.30   24.22   -1.44   26.60   -1.72   24.58   -1.97
1989   2   26.04   -0.06   25.44   -0.96   26.66   -1.53   25.28   -1.47
1989   3   26.34   -0.15   26.19   -1.01   27.16   -1.16   26.08   -1.21
1989   4   25.45   -0.09   26.72   -0.86   27.61   -1.01   26.74   -1.08
1989   5   23.21   -1.20   26.42   -0.83   28.13   -0.79   27.06   -0.88
1989   6   22.04   -1.08   26.30   -0.32   28.05   -0.92   27.14   -0.59
1989   7   21.17   -0.79   25.35   -0.45   28.05   -0.85   26.72   -0.57
1989   8   20.71   -0.30   24.72   -0.40   28.02   -0.77   26.33   -0.53
1989   9   20.07   -0.65   24.60   -0.30   28.26   -0.50   26.42   -0.30
1989  10   20.54   -0.48   24.58   -0.40   28.31   -0.45   26.32   -0.40
1989  11   21.41   -0.24   24.51   -0.59   28.16   -0.54   26.25   -0.45
1989  12   22.41   -0.40   24.85   -0.38   28.42   -0.12   26.46   -0.13
1990   1   24.09   -0.48   25.37   -0.29   28.48    0.16   26.56    0.01
1990   2   25.94   -0.16   26.42    0.01   28.58    0.38   26.96    0.21
1990   3   26.04   -0.44   26.92   -0.28   28.63    0.31   27.33    0.04
1990   4   25.02   -0.52   27.49   -0.10   28.75    0.12   27.90    0.08
1990   5   24.18   -0.24   27.41    0.16   28.85   -0.06   28.02    0.08
1990   6   22.83   -0.30   26.58   -0.04   28.92   -0.05   27.64   -0.08
1990   7   21.30   -0.66   25.81    0.01   28.92    0.02   27.38    0.09
1990   8   20.57   -0.44   25.23    0.11   28.92    0.13   27.07    0.22
1990   9   20.24   -0.49   25.02    0.12   28.98    0.22   26.94    0.22
1990  10   20.31   -0.70   24.84   -0.14   29.15    0.39   26.93    0.21
1990  11   21.00   -0.65   24.90   -0.20   29.20    0.50   26.81    0.10
1990  12   22.31   -0.50   25.15   -0.08   29.19    0.65   26.95    0.35
1991   1   24.02   -0.54   25.79    0.13   28.90    0.58   27.03    0.49
1991   2   25.72   -0.38   26.41    0.00   28.73    0.54   27.07    0.32
1991   3   26.28   -0.21   27.04   -0.16   28.66    0.34   27.32    0.03
1991   4   25.24   -0.30   27.53   -0.05   28.97    0.34   28.01    0.19
1991   5   24.09   -0.33   27.49    0.24   29.38    0.46   28.20    0.26
1991   6   23.33    0.21   27.30    0.68   29.35    0.38   28.25    0.52
1991   7   22.56    0.60   26.64    0.83   29.34    0.45   28.05    0.76
1991   8   21.37    0.37   25.63    0.51   29.26    0.47   27.53    0.68
1991   9   21.19    0.46   25.26    0.36   29.09    0.33   27.14    0.42
1991  10   21.67    0.65   25.59    0.61   29.47    0.70   27.58    0.86
1991  11   22.38    0.72   26.05    0.95   29.39    0.69   27.90    1.20
1991  12   23.64    0.83   26.48    1.25   29.35    0.81   28.29    1.69
1992   1   25.03    0.47   27.03    1.37   28.94    0.62   28.38    1.84
1992   2   26.71    0.61   27.67    1.27   29.08    0.89   28.53    1.78
1992   3   27.73    1.24   28.26    1.05   28.96    0.64   28.66    1.38
1992   4   27.72    2.19   28.75    1.17   29.09    0.46   29.02    1.20
1992   5   26.63    2.22   28.44    1.19   29.23    0.31   28.98    1.04
1992   6   23.98    0.85   27.17    0.55   29.24    0.27   28.30    0.58
1992   7   21.89   -0.07   25.75   -0.06   29.21    0.31   27.51    0.22
1992   8   20.87   -0.14   25.03   -0.08   28.93    0.14   26.91    0.05
1992   9   20.76    0.03   24.83   -0.07   28.86    0.10   26.65   -0.06
1992  10   21.02    0.01   24.64   -0.34   28.76   -0.00   26.42   -0.30
1992  11   21.59   -0.07   24.64   -0.46   28.69   -0.01   26.42   -0.28
1992  12   22.71   -0.10   24.87   -0.36   28.61    0.07   26.44   -0.15
1993   1   24.55   -0.01   25.55   -0.11   28.54    0.22   26.69    0.14
1993   2   26.40    0.30   26.80    0.39   28.30    0.10   27.16    0.41
1993   3   27.09    0.60   27.61    0.40   28.37    0.05   27.67    0.39
1993   4   26.79    1.25   28.42    0.84   28.66    0.04   28.41    0.59
1993   5   25.57    1.15   28.33    1.07   28.98    0.07   28.71    0.78
1993   6   24.16    1.04   27.06    0.44   29.01    0.04   28.08    0.35
1993   7   22.66    0.70   26.05    0.24   28.97    0.07   27.52    0.23
1993   8   21.57    0.56   25.36    0.24   28.92    0.13   26.99    0.13
1993   9   21.11    0.38   25.22    0.32   29.06    0.30   27.07    0.35
1993  10   21.57    0.55   25.11    0.13   28.78    0.02   26.77    0.06
1993  11   21.96    0.31   25.09   -0.01   28.79    0.09   26.71    0.00
1993  12   22.83    0.02   25.31    0.09   28.72    0.18   26.76    0.16
1994   1   24.47   -0.09   25.86    0.20   28.43    0.11   26.64    0.10
1994   2   25.77   -0.33   26.33   -0.08   28.14   -0.06   26.81    0.06
1994   3   25.48   -1.01   26.85   -0.35   28.37    0.05   27.39    0.11
1994   4   24.27   -1.27   27.20   -0.38   28.74    0.11   28.08    0.26
1994   5   23.36   -1.06   27.15   -0.10   29.14    0.23   28.24    0.31
1994   6   22.21   -0.91   26.56   -0.06   29.23    0.26   28.04    0.32
1994   7   21.09   -0.87   25.53   -0.28   29.40    0.50   27.54    0.24
1994   8   19.98   -1.03   24.86   -0.26   29.50    0.71   27.38    0.53
1994   9   20.58   -0.15   24.85   -0.05   29.30    0.54   27.20    0.48
1994  10   21.81    0.80   25.50    0.52   29.45    0.69   27.47    0.75
1994  11   22.26    0.60   25.99    0.89   29.44    0.75   27.81    1.11
1994  12   23.67    0.86   26.05    0.82   29.46    0.92   27.85    1.25
1995   1   25.30    0.73   26.43    0.77   29.04    0.72   27.57    1.02
1995   2   26.20    0.10   26.85    0.45   28.91    0.71   27.49    0.73
1995   3   26.00   -0.49   27.18   -0.03   29.03    0.71   27.75    0.46
1995   4   23.99   -1.55   27.18   -0.40   29.14    0.52   28.10    0.28
1995   5   23.00   -1.41   26.53   -0.72   29.31    0.39   27.82   -0.11
1995   6   22.20   -0.93   26.07   -0.55   29.18    0.21   27.59   -0.14
1995   7   21.35   -0.61   25.36   -0.44   28.93    0.03   27.08   -0.21
1995   8   20.60   -0.41   24.21   -0.90   28.65   -0.14   26.23   -0.63
1995   9   20.44   -0.28   23.86   -1.04   28.41   -0.35   25.88   -0.84
1995  10   20.46   -0.55   23.98   -1.00   28.31   -0.45   25.84   -0.88
1995  11   21.37   -0.28   24.04   -1.07   28.11   -0.59   25.60   -1.10
1995  12   21.96   -0.85   24.25   -0.98   28.04   -0.50   25.65   -0.95
1996   1   23.92   -0.65   24.85   -0.81   27.85   -0.47   25.69   -0.86
1996   2   25.66   -0.44   25.73   -0.67   27.67   -0.52   25.89   -0.86
1996   3   26.16   -0.33   26.67   -0.53   27.92   -0.40   26.67   -0.61
1996   4   23.62   -1.92   26.75   -0.83   28.17   -0.46   27.35   -0.47
1996   5   22.97   -1.44   26.51   -0.74   28.46   -0.45   27.55   -0.38
1996   6   21.24   -1.89   25.86   -0.76   28.49   -0.48   27.29   -0.44
1996   7   20.70   -1.26   25.17   -0.64   28.45   -0.45   26.85   -0.44
1996   8   20.14   -0.87   24.69   -0.42   28.47   -0.32   26.64   -0.22
1996   9   20.08   -0.65   24.41   -0.50   28.40   -0.37   26.27   -0.45
1996  10   20.31   -0.70   24.39   -0.59   28.45   -0.31   26.27   -0.44
1996  11   20.56   -1.10   24.45   -0.66   28.47   -0.23   26.29   -0.41
1996  12   21.68   -1.13   24.22   -1.01   28.35   -0.19   25.95   -0.64
1997   1   23.66   -0.90   24.77   -0.89   28.33    0.01   26.01   -0.53
1997   2   25.88   -0.22   25.73   -0.68   28.39    0.19   26.38   -0.37
1997   3   27.03    0.54   26.86   -0.35   28.56    0.24   27.04   -0.25
1997   4   26.44    0.91   27.47   -0.12   29.22    0.59   27.98    0.16
1997   5   26.54    2.12   27.90    0.65   29.44    0.53   28.58    0.64
1997   6   26.12    3.00   28.13    1.51   29.23    0.26   28.82    1.09
1997   7   25.59    3.63   27.90    2.09   29.37    0.47   28.86    1.56
1997   8   24.96    3.96   27.71    2.59   29.29    0.50   28.75    1.89
1997   9   24.69    3.96   27.74    2.84   29.44    0.68   28.85    2.13
1997  10   24.69    3.67   28.06    3.08   29.34    0.58   29.08    2.36
1997  11   26.12    4.47   28.37    3.27   29.39    0.69   29.12    2.41
1997  12   27.06    4.25   28.53    3.30   29.11    0.57   28.89    2.29
1998   1   28.12    3.55   28.74    3.08   28.95    0.64   28.93    2.38
1998   2   28.74    2.64   28.90    2.49   28.79    0.59   28.78    2.03
1998   3   29.23    2.74   29.12    1.92   28.62    0.30   28.62    1.34
1998   4   28.22    2.68   29.22    1.64   28.56   -0.07   28.60    0.78
1998   5   27.14    2.72   28.64    1.39   28.66   -0.26   28.51    0.57
1998   6   25.36    2.24   26.99    0.37   28.26   -0.71   27.34   -0.39
1998   7   23.37    1.42   25.42   -0.38   28.11   -0.78   26.30   -0.99
1998   8   21.97    0.96   24.45   -0.67   27.77   -1.02   25.57   -1.28
1998   9   20.95    0.22   23.95   -0.95   27.74   -1.02   25.46   -1.26
1998  10   21.35    0.33   23.99   -0.99   27.42   -1.34   25.25   -1.46
1998  11   21.51   -0.14   24.24   -0.86   27.24   -1.45   25.24   -1.46
1998  12   22.63   -0.18   24.13   -1.10   27.06   -1.48   24.91   -1.69
1999   1   23.79   -0.78   24.41   -1.25   26.64   -1.68   24.86   -1.69
1999   2   25.56   -0.54   25.52   -0.88   26.56   -1.64   25.43   -1.32
1999   3   26.45   -0.04   26.68   -0.52   26.98   -1.35   26.33   -0.95
1999   4   24.64   -0.90   26.71   -0.87   27.41   -1.21   26.70   -1.11
1999   5   23.73   -0.69   26.45   -0.81   27.89   -1.03   26.79   -1.15
1999   6   22.36   -0.76   25.72   -0.90   27.96   -1.01   26.53   -1.19
1999   7   21.73   -0.23   25.05   -0.76   27.75   -1.14   26.13   -1.17
1999   8   20.89   -0.11   24.28   -0.84   27.69   -1.10   25.63   -1.22
1999   9   19.67   -1.05   23.79   -1.11   27.79   -0.97   25.63   -1.09
1999  10   20.15   -0.86   23.60   -1.38   27.79   -0.97   25.48   -1.23
1999  11   20.43   -1.23   23.60   -1.50   27.42   -1.27   25.12   -1.58
1999  12   22.17   -0.64   23.68   -1.55   27.18   -1.36   24.86   -1.74
2000   1   23.81   -0.76   24.00   -1.66   26.99   -1.33   24.78   -1.77
2000   2   25.48   -0.62   25.27   -1.14   26.73   -1.47   25.21   -1.55
2000   3   26.02   -0.47   26.70   -0.50   26.89   -1.43   26.30   -0.98
2000   4   25.50   -0.04   27.41   -0.17   27.20   -1.43   26.95   -0.87
2000   5   24.02   -0.40   26.88   -0.37   27.63   -1.29   27.07   -0.86
2000   6   22.75   -0.38   26.03   -0.59   28.06   -0.91   26.94   -0.79
2000   7   21.68   -0.28   25.18   -0.62   28.17   -0.73   26.63   -0.67
2000   8   20.44   -0.57   24.64   -0.48   28.16   -0.62   26.37   -0.49
2000   9   20.50   -0.23   24.59   -0.32   28.27   -0.49   26.20   -0.52
2000  10   20.74   -0.27   24.48   -0.50   28.11   -0.65   26.02   -0.70
2000  11   20.46   -1.19   24.40   -0.70   27.92   -0.77   25.92   -0.79
2000  12   21.85   -0.96   24.57   -0.66   27.59   -0.95   25.68   -0.92
2001   1   23.94   -0.63   25.24   -0.42   27.43   -0.89   25.81   -0.73
2001   2   25.62   -0.48   26.12   -0.28   27.37   -0.82   26.12   -0.63
2001   3   26.66    0.17   27.20   -0.01   27.61   -0.71   26.80   -0.48
2001   4   25.72    0.18   27.46   -0.12   28.04   -0.59   27.33   -0.49
2001   5   23.71   -0.71   27.11   -0.14   28.53   -0.39   27.60   -0.34
2001   6   22.28   -0.85   26.34   -0.28   28.79   -0.17   27.54   -0.19
2001   7   21.38   -0.58   25.53   -0.27   28.98    0.09   27.25   -0.04
2001   8   20.16   -0.84   24.90   -0.22   28.84    0.05   26.80   -0.05
2001   9   19.60   -1.13   24.31   -0.59   28.97    0.21   26.52   -0.20
2001  10   19.88   -1.13   24.55   -0.43   28.95    0.19   26.57   -0.14
2001  11   20.77   -0.89   24.42   -0.68   28.78    0.08   26.33   -0.37
2001  12   21.79   -1.02   24.61   -0.62   28.66    0.12   26.19   -0.41
2002   1   23.79   -0.78   25.17   -0.49   28.72    0.40   26.39   -0.15
2002   2   26.03   -0.07   26.16   -0.24   28.66    0.46   26.71   -0.04
2002   3   27.25    0.77   27.35    0.14   28.57    0.25   27.29    0.01
2002   4   26.35    0.82   27.58    0.00   29.03    0.41   27.84    0.02
2002   5   25.04    0.63   27.51    0.26   29.52    0.60   28.24    0.31
2002   6   23.51    0.38   27.19    0.57   29.61    0.64   28.44    0.72
2002   7   21.72   -0.23   26.19    0.39   29.52    0.63   28.03    0.74
2002   8   20.74   -0.26   25.63    0.51   29.43    0.64   27.72    0.87
2002   9   20.93    0.20   25.76    0.86   29.37    0.61   27.81    1.09
2002  10   21.39    0.37   25.97    0.99   29.41    0.65   27.96    1.25
2002  11   22.63    0.97   26.40    1.30   29.55    0.85   28.17    1.47
2002  12   23.91    1.10   26.44    1.21   29.38    0.84   27.97    1.37
2003   1   24.69    0.13   26.23    0.57   28.89    0.57   27.15    0.60
2003   2   25.98   -0.12   26.84    0.44   28.88    0.69   27.39    0.64
2003   3   26.42   -0.07   27.39    0.19   28.92    0.60   27.65    0.36
2003   4   24.98   -0.56   27.14   -0.44   28.96    0.33   27.68   -0.14
2003   5   22.77   -1.65   26.29   -0.96   28.86   -0.05   27.32   -0.61
2003   6   21.77   -1.35   26.03   -0.59   29.07    0.10   27.44   -0.29
2003   7   20.95   -1.01   25.92    0.12   29.08    0.19   27.50    0.21
2003   8   21.02    0.01   25.38    0.26   28.98    0.19   27.11    0.26
2003   9   20.28   -0.45   25.05    0.15   28.94    0.18   26.99    0.27
2003  10   21.25    0.23   25.38    0.40   29.12    0.36   27.14    0.42
2003  11   21.94    0.28   25.75    0.64   29.07    0.37   27.04    0.33
2003  12   23.03    0.22   26.00    0.77   28.97    0.43   27.03    0.43
2004   1   24.36   -0.21   26.08    0.42   28.75    0.43   26.81    0.27
2004   2   26.03   -0.07   26.70    0.30   28.57    0.38   26.98    0.23
2004   3   25.75   -0.74   27.34    0.13   28.42    0.10   27.40    0.12
2004   4   24.96   -0.57   27.52   -0.07   28.71    0.09   27.89    0.07
2004   5   22.82   -1.59   26.80   -0.45   29.02    0.11   28.00    0.06
2004   6   22.05   -1.07   26.35   -0.26   29.19    0.22   27.86    0.13
2004   7   21.18   -0.78   25.78   -0.02   29.32    0.42   27.78    0.49
2004   8   20.26   -0.75   25.36    0.24   29.34    0.55   27.62    0.76
2004   9   20.46   -0.27   25.35    0.45   29.45    0.69   27.53    0.81
2004  10   21.16    0.15   25.52    0.54   29.46    0.70   27.44    0.73
2004  11   22.37    0.72   25.73    0.63   29.45    0.76   27.36    0.66
2004  12   23.18    0.36   25.91    0.69   29.41    0.87   27.34    0.74
2005   1   24.54   -0.02   25.98    0.32   29.20    0.88   27.21    0.66
2005   2   25.16   -0.94   26.31   -0.09   28.87    0.67   27.11    0.36
2005   3   25.03   -1.46   27.14   -0.07   28.93    0.61   27.73    0.45
2005   4   25.12   -0.42   27.53   -0.05   29.05    0.42   28.08    0.26
2005   5   24.04   -0.38   27.41    0.16   29.21    0.29   28.24    0.30
2005   6   22.35   -0.77   26.68    0.06   29.14    0.17   27.77    0.04
2005   7   21.61   -0.35   25.91    0.10   28.79   -0.11   27.06   -0.23
2005   8   20.61   -0.40   25.30    0.18   28.73   -0.06   26.80   -0.05
2005   9   19.99   -0.74   24.82   -0.08   28.79    0.03   26.68   -0.04
2005  10   19.75   -1.27   24.64   -0.34   28.85    0.09   26.65   -0.06
2005  11   20.23   -1.43   23.97   -1.13   28.55   -0.14   26.11   -0.59
2005  12   21.89   -0.92   24.00   -1.22   28.28   -0.26   25.68   -0.92
2006   1   24.19   -0.37   24.85   -0.81   27.82   -0.50   25.63   -0.91
2006   2   26.32    0.22   26.06   -0.35   27.52   -0.67   26.08   -0.67
2006   3   26.20   -0.29   26.65   -0.55   27.73   -0.59   26.57   -0.71
2006   4   24.04   -1.50   27.16   -0.42   28.29   -0.34   27.50   -0.32
2006   5   23.86   -0.56   27.17   -0.08   28.86   -0.06   27.85   -0.09
2006   6   22.91   -0.21   26.61   -0.01   29.03    0.06   27.73    0.00
2006   7   22.16    0.20   25.82    0.01   29.10    0.20   27.30    0.01
2006   8   21.71    0.70   25.51    0.39   29.21    0.42   27.16    0.31
2006   9   21.70    0.97   25.73    0.83   29.40    0.63   27.32    0.60
2006  10   22.07    1.05   25.86    0.88   29.45    0.69   27.41    0.70
2006  11   22.45    0.79   26.10    0.99   29.62    0.92   27.69    0.99
2006  12   23.52    0.71   26.37    1.14   29.46    0.92   27.74    1.14
2007   1   25.23    0.66   26.53    0.87   28.97    0.65   27.24    0.70
2007   2   26.21    0.11   26.49    0.08   28.66    0.46   26.88    0.13
2007   3   25.84   -0.64   26.80   -0.40   28.66    0.34   27.10   -0.18
2007   4   24.31   -1.22   26.95   -0.63   28.73    0.10   27.50   -0.32
2007   5   22.63   -1.79   26.37   -0.88   28.84   -0.08   27.46   -0.47
2007   6   21.52   -1.61   25.90   -0.72   28.90   -0.07   27.37   -0.35
2007   7   20.98   -0.98   24.85   -0.95   28.68   -0.22   26.71   -0.59
2007   8   19.81   -1.20   23.94   -1.18   28.48   -0.31   26.14   -0.72
2007   9   19.75   -0.97   23.63   -1.27   28.11   -0.65   25.61   -1.11
2007  10   19.50   -1.52   23.55   -1.43   27.91   -0.85   25.32   -1.39
2007  11   19.92   -1.73   23.48   -1.62   27.61   -1.09   25.17   -1.54
2007  12   21.15   -1.66   23.57   -1.66   27.42   -1.12   25.01   -1.58
2008   1   24.08   -0.48   24.19   -1.46   26.87   -1.45   24.86   -1.68
2008   2   26.32    0.22   25.16   -1.24   26.62   -1.58   25.08   -1.67
2008   3   26.88    0.39   26.45   -0.75   26.97   -1.35   26.07   -1.21
2008   4   25.94    0.41   27.12   -0.46   27.46   -1.16   26.83   -0.99
2008   5   24.95    0.54   27.00   -0.25   27.81   -1.11   27.09   -0.84
2008   6   23.68    0.55   26.46   -0.16   27.96   -1.01   27.04   -0.68
2008   7   22.95    0.99   26.08    0.28   28.07   -0.83   26.99   -0.30
2008   8   22.40    1.40   25.62    0.50   28.04   -0.75   26.72   -0.13
2008   9   21.75    1.02   25.20    0.30   28.08   -0.68   26.47   -0.25
2008  10   21.37    0.35   25.07    0.09   28.17   -0.59   26.37   -0.35
2008  11   21.38   -0.28   24.98   -0.12   27.98   -0.72   26.25   -0.46
2008  12   22.36   -0.45   24.66   -0.56   27.73   -0.81   25.74   -0.86
2009   1   24.40   -0.17   25.15   -0.51   27.37   -0.95   25.66   -0.89
2009   2   25.42   -0.68   25.84   -0.57   27.35   -0.85   25.96   -0.79
2009   3   25.67   -0.81   26.49   -0.71   27.74   -0.58   26.59   -0.69
2009   4   25.94    0.41   27.41   -0.17   28.37   -0.26   27.47   -0.35
2009   5   24.76    0.34   27.54    0.29   28.90   -0.01   27.99    0.06
2009   6   23.78    0.65   27.18    0.56   29.14    0.18   28.04    0.31
2009   7   22.71    0.75   26.49    0.69   29.19    0.29   27.78    0.48
2009   8   21.85    0.84   25.92    0.80   29.23    0.44   27.42    0.56
2009   9   21.23    0.51   25.69    0.78   29.33    0.57   27.40    0.68
2009  10   21.34    0.32   25.76    0.78   29.68    0.92   27.60    0.89
2009  11   21.99    0.33   26.18    1.08   29.82    1.12   28.16    1.46
2009  12   23.41    0.60   26.55    1.33   29.72    1.18   28.34    1.74
2010   1   24.85    0.28   26.73    1.07   29.44    1.12   28.07    1.52
2010   2   26.22    0.12   27.28    0.88   29.08    0.88   28.01    1.25
2010   3   26.56    0.07   27.76    0.55   29.07    0.75   28.18    0.90
2010   4   25.43   -0.11   27.85    0.27   29.13    0.50   28.20    0.38
2010   5   24.65    0.24   27.08   -0.17   29.01    0.10   27.71   -0.22
2010   6   23.14    0.01   25.91   -0.71   28.66   -0.31   27.04   -0.69
2010   7   20.93   -1.03   24.79   -1.01   28.10   -0.79   26.22   -1.07
2010   8   19.70   -1.31   23.97   -1.14   27.54   -1.25   25.47   -1.39
2010   9   19.50   -1.22   23.61   -1.29   27.32   -1.44   25.12   -1.60
2010  10   19.73   -1.28   23.50   -1.48   27.15   -1.61   25.03   -1.69
2010  11   20.34   -1.31   23.59   -1.52   27.11   -1.59   25.06   -1.64
2010  12   21.91   -0.90   23.73   -1.50   27.09   -1.45   25.00   -1.60
2011   1   24.08   -0.48   24.40   -1.26   26.92   -1.40   25.00   -1.54
2011   2   25.94   -0.16   25.63   -0.77   27.15   -1.05   25.64   -1.11
2011   3   25.61   -0.88   26.47   -0.73   27.51   -0.81   26.36   -0.93
2011   4   25.34   -0.19   27.25   -0.33   27.89   -0.74   27.05   -0.77
2011   5   24.53    0.11   26.96   -0.29   28.35   -0.57   27.41   -0.52
2011   6   23.42    0.30   26.50   -0.12   28.46   -0.51   27.35   -0.38
2011   7   22.06    0.10   25.61   -0.20   28.42   -0.48   26.87   -0.43
2011   8   20.79   -0.21   24.73   -0.39   28.16   -0.63   26.21   -0.65
2011   9   19.99   -0.74   24.29   -0.61   28.00   -0.76   25.92   -0.80
2011  10   20.24   -0.78   23.92   -1.06   27.86   -0.90   25.67   -1.05
2011  11   21.09   -0.57   23.98   -1.12   27.80   -0.90   25.52   -1.19
2011  12   22.13   -0.68   24.31   -0.92   27.53   -1.01   25.54   -1.06
2012   1   24.38   -0.18   25.09   -0.57   27.30   -1.02   25.67   -0.87
2012   2   26.46    0.36   26.22   -0.19   27.29   -0.91   26.08   -0.67
2012   3   26.65    0.16   27.02   -0.18   27.56   -0.77   26.67   -0.61
2012   4   26.44    0.90   27.56   -0.02   28.03   -0.59   27.32   -0.50
2012   5   25.29    0.87   27.34    0.09   28.40   -0.52   27.61   -0.32
2012   6   24.14    1.02   27.05    0.44   28.58   -0.39   27.75    0.02
2012   7   22.36    0.40   26.37    0.57   28.64   -0.26   27.54    0.25
2012   8   21.07    0.07   25.64    0.52   28.86    0.08   27.32    0.47
2012   9   20.79    0.06   25.24    0.34   28.97    0.21   27.10    0.38
2012  10   20.65   -0.37   25.00    0.02   29.07    0.31   26.98    0.26
2012  11   21.24   -0.41   25.08   -0.02   29.00    0.30   26.86    0.16
2012  12   21.96   -0.85   24.80   -0.42   28.60    0.06   26.34   -0.25
2013   1   23.89   -0.68   25.00   -0.66   28.24   -0.08   26.01   -0.53
2013   2   25.37   -0.73   25.84   -0.56   28.01   -0.19   26.24   -0.52
2013   3   25.81   -0.67   27.08   -0.12   27.95   -0.37   27.03   -0.25
2013   4   24.31   -1.23   27.22   -0.36   28.36   -0.27   27.57   -0.25
2013   5   22.83   -1.58   26.43   -0.82   28.69   -0.23   27.53   -0.40
2013   6   21.22   -1.91   25.73   -0.89   28.77   -0.20   27.30   -0.42
2013   7   20.36   -1.60   25.10   -0.70   28.66   -0.24   26.91   -0.39
2013   8   19.85   -1.16   24.47   -0.65   28.61   -0.18   26.47   -0.38
2013   9   19.95   -0.77   24.58   -0.33   28.65   -0.11   26.54   -0.18
2013  10   20.27   -0.75   24.79   -0.19   28.72   -0.04   26.52   -0.20
2013  11   21.09   -0.56   24.90   -0.20   28.74    0.04   26.56   -0.14
2013  12   22.37   -0.44   25.09   -0.13   28.48   -0.06   26.43   -0.17
2014   1   24.56   -0.01   25.23   -0.43   28.14   -0.18   26.05   -0.49
2014   2   25.49   -0.61   25.62   -0.79   28.27    0.07   26.14   -0.62
2014   3   26.17   -0.31   26.89   -0.32   28.60    0.28   27.00   -0.28
2014   4   25.51   -0.03   27.64    0.06   28.98    0.35   27.90    0.08
2014   5   25.48    1.06   27.64    0.38   29.45    0.53   28.25    0.32
2014   6   24.67    1.54   27.15    0.53   29.36    0.39   27.96    0.23
2014   7   22.94    0.98   26.12    0.31   29.04    0.14   27.23   -0.06
2014   8   21.90    0.89   25.30    0.18   29.04    0.25   26.82   -0.03
2014   9   21.52    0.80   25.27    0.37   29.16    0.39   27.01    0.29
2014  10   21.71    0.69   25.56    0.58   29.24    0.48   27.16    0.44
2014  11   22.45    0.80   25.88    0.77   29.43    0.73   27.46    0.75
2014  12   23.22    0.41   25.91    0.68   29.30    0.76   27.31    0.71
2015   1   24.41   -0.16   26.01    0.35   29.07    0.75   27.05    0.51
2015   2   25.57   -0.53   26.46    0.05   29.07    0.87   27.17    0.42
2015   3   26.57    0.09   27.30    0.10   29.22    0.90   27.75    0.47
2015   4   26.54    1.00   28.21    0.63   29.61    0.98   28.52    0.70
2015   5   25.96    1.55   28.20    0.94   29.85    0.94   28.85    0.92
2015   6   25.32    2.19   28.07    1.45   29.88    0.92   28.90    1.18
2015   7   24.50    2.54   27.66    1.85   29.78    0.88   28.75    1.46
2015   8   22.66    1.65   27.21    2.09   29.77    0.99   28.79    1.93
2015   9   23.01    2.28   27.40    2.50   29.82    1.06   28.93    2.21
2015  10   23.14    2.12   27.60    2.62   29.84    1.08   29.08    2.36
2015  11   23.93    2.28   27.95    2.84   30.13    1.44   29.42    2.72
2015  12   25.02    2.21   28.07    2.84   29.91    1.37   29.26    2.66
2016   1   26.36    1.79   28.25    2.59   29.54    1.22   29.11    2.57
2016   2   27.40    1.30   28.38    1.97   29.41    1.22   29.01    2.26
2016   3   27.83    1.35   28.74    1.53   29.39    1.07   28.90    1.62
2016   4   25.98    0.45   28.20    0.62   29.37    0.74   28.72    0.91
2016   5   24.90    0.49   27.23   -0.03   29.45    0.53   28.23    0.30
2016   6   23.77    0.64   26.48   -0.14   29.35    0.39   27.69   -0.03
2016   7   22.21    0.25   25.19   -0.61   29.05    0.15   26.82   -0.48
2016   8   21.25    0.24   24.59   -0.53   28.73   -0.06   26.28   -0.58
2016   9   21.29    0.57   24.64   -0.26   28.51   -0.25   26.14   -0.58
2016  10   21.36    0.34   24.42   -0.56   28.32   -0.44   25.98   -0.74
2016  11   21.78    0.12   24.48   -0.62   28.24   -0.46   25.94   -0.76
2016  12   23.24    0.43   24.76   -0.47   28.35   -0.19   26.10   -0.50
2017   1   25.50    0.93   25.58   -0.08   28.16   -0.16   26.12   -0.43
2017   2   27.46    1.36   26.83    0.42   28.11   -0.09   26.67   -0.08
2017   3   28.10    1.61   27.55    0.35   28.29   -0.03   27.32    0.03
2017   4   26.59    1.05   28.03    0.45   28.69    0.06   28.03    0.22
2017   5   24.63    0.21   27.55    0.29   29.10    0.19   28.30    0.37
2017   6   22.89   -0.24   26.68    0.06   29.29    0.32   28.06    0.34
2017   7   21.64   -0.32   25.84    0.04   29.16    0.26   27.54    0.25
2017   8   20.67   -0.34   24.87   -0.25   28.87    0.08   26.70   -0.16
2017   9   19.92   -0.81   24.18   -0.72   28.72   -0.04   26.29   -0.43
2017  10   20.21   -0.81   24.26   -0.72   28.56   -0.20   26.15   -0.56
2017  11   20.46   -1.20   24.02   -1.08   28.30   -0.40   25.74   -0.97
2017  12   21.39   -1.42   24.00   -1.22   28.02   -0.52   25.62   -0.98
2018   1   23.44   -1.12   24.48   -1.18   27.88   -0.44   25.57   -0.98
2018   2   25.13   -0.97   25.50   -0.90   27.85   -0.35   25.97   -0.78
2018   3   25.13   -1.35   26.27   -0.93   28.10   -0.22   26.48   -0.80
2018   4   24.51   -1.03   26.96   -0.62   28.65    0.02   27.31   -0.51
2018   5   23.67   -0.75   26.92   -0.33   29.07    0.16   27.73   -0.20
2018   6   22.40   -0.72   26.63    0.01   29.21    0.24   27.77    0.04
2018   7   21.56   -0.40   25.92    0.11   29.13    0.23   27.42    0.12
2018   8   20.74   -0.27   25.06   -0.06   29.24    0.45   26.94    0.09
2018   9   20.65   -0.08   25.25    0.35   29.34    0.58   27.19    0.47
2018  10   21.18    0.16   25.73    0.75   29.71    0.95   27.62    0.90
2018  11   22.46    0.81   26.00    0.90   29.61    0.92   27.61    0.90
2018  12   23.86    1.05   26.14    0.92   29.45    0.91   27.49    0.89
2019   1   25.40    0.83   26.26    0.60   29.08    0.76   27.19    0.65
2019   2   26.62    0.52   26.99    0.59   28.91    0.71   27.46    0.71
2019   3   26.61    0.12   27.84    0.64   28.96    0.64   28.09    0.81
2019   4   25.83    0.30   28.13    0.55   29.15    0.52   28.44    0.62
2019   5   24.61    0.20   27.75    0.50   29.45    0.54   28.48    0.55
2019   6   22.78   -0.34   26.82    0.20   29.58    0.61   28.18    0.45
2019   7   21.27   -0.69   25.70   -0.10   29.66    0.76   27.64    0.35
2019   8   20.24   -0.76   24.79   -0.32   29.44    0.65   26.90    0.04
2019   9   20.01   -0.71   24.63   -0.27   29.34    0.58   26.75    0.03
2019  10   20.27   -0.74   25.14    0.16   29.51    0.75   27.20    0.48
2019  11   21.55   -0.11   25.43    0.33   29.46    0.76   27.22    0.52
2019  12   22.77   -0.04   25.47    0.24   29.41    0.87   27.12    0.52
2020   1   24.20   -0.37   25.88    0.22   29.17    0.85   27.15    0.60
2020   2   26.12    0.02   26.51    0.10   28.97    0.78   27.12    0.37
2020   3   26.43   -0.06   27.41    0.20   29.07    0.75   27.76    0.48
2020   4   25.81    0.28   27.86    0.27   29.15    0.52   28.18    0.36
2020   5   24.28   -0.14   26.92   -0.33   29.01    0.09   27.66   -0.27
2020   6   22.43   -0.70   25.93   -0.69   29.09    0.12   27.39   -0.34
2020   7   20.68   -1.28   25.22   -0.59   28.89   -0.01   26.99   -0.30
2020   8   19.96   -1.05   24.50   -0.61   28.47   -0.31   26.26   -0.59
2020   9   19.50   -1.22   23.91   -0.99   28.21   -0.55   25.89   -0.83
2020  10   20.42   -0.60   23.88   -1.10   27.96   -0.80   25.46   -1.26
2020  11   21.07   -0.58   23.90   -1.21   27.80   -0.90   25.28   -1.42
2020  12   22.21   -0.60   24.41   -0.82   27.54   -1.00   25.44   -1.15
2021   1   23.67   -0.89   25.04   -0.62   27.26   -1.06   25.54   -1.00
2021   2   25.24   -0.86   25.68   -0.72   27.23   -0.96   25.75   -1.00
2021   3   25.74   -0.75   26.52   -0.68   27.67   -0.65   26.49   -0.80
2021   4   24.59   -0.95   26.79   -0.79   28.19   -0.43   27.10   -0.72
2021   5   23.63   -0.79   26.69   -0.56   28.70   -0.21   27.48   -0.46
2021   6   22.76   -0.37   26.30   -0.32   28.83   -0.14   27.45   -0.28
2021   7   21.74   -0.22   25.49   -0.32   28.67   -0.22   26.91   -0.38
2021   8   20.71   -0.30   24.66   -0.46   28.53   -0.26   26.35   -0.51
2021   9   20.08   -0.65   24.50   -0.40   28.25   -0.51   26.21   -0.50
